      0/54     3.82G   0.06219  0.009322   0.01245   0.08397        21       640    0.5053    0.3145    0.3364    0.1238    0.0775  0.008472   0.01089
      1/54     7.35G    0.0575  0.007475  0.007859   0.07284        23       640    0.5304    0.3914    0.4174    0.1566   0.07495  0.007709  0.008526
      2/54     8.99G    0.0549  0.007201   0.00712   0.06922        18       640    0.4187    0.2212    0.2118   0.07732   0.08694  0.007947   0.01023
      3/54     8.99G    0.0577  0.007316  0.008302   0.07331        14       640    0.2499    0.2493    0.1668   0.06388   0.07837  0.008923    0.0114
      4/54     8.99G   0.05595  0.007434  0.007603   0.07099        21       640    0.5946    0.3991    0.4462    0.1774    0.0731  0.007555  0.008117
      5/54     8.99G   0.05197  0.007152  0.005878     0.065        15       640    0.6111    0.4785     0.543    0.2284   0.06998  0.007527  0.007286
      6/54     8.99G   0.04985  0.007041  0.005396   0.06229        22       640    0.6589    0.5735    0.6056    0.2679   0.06622  0.007698  0.006402
      7/54     8.99G   0.04803  0.006931  0.004965   0.05992        18       640    0.7434    0.5776    0.6671    0.3055   0.06259  0.007568    0.0061
      8/54     8.99G    0.0473  0.006797  0.004536   0.05864        14       640    0.7313    0.6327    0.6869    0.3139   0.06221   0.00763  0.005904
      9/54     8.99G   0.04698  0.006679   0.00428   0.05794        25       640    0.6197    0.6087    0.6348     0.288   0.06719  0.007456  0.005606
     10/54     8.99G   0.04653  0.006726   0.00433   0.05759        14       640    0.7642    0.6526    0.7362    0.3513   0.06439  0.007085  0.004777
     11/54     8.99G   0.04471  0.006382  0.003736   0.05483        16       640    0.7583    0.6891    0.7432    0.3659   0.06351   0.00716  0.004995
     12/54     8.99G   0.04398  0.006471  0.003643    0.0541        26       640    0.7244     0.702    0.7466    0.3621   0.06177  0.007312  0.005368
     13/54     8.99G   0.04321  0.006484  0.003495   0.05319        22       640    0.7992    0.6984    0.7753    0.3898   0.06199   0.00711  0.004883
     14/54     8.99G   0.04184  0.006291  0.003202   0.05133        11       640    0.7735     0.696    0.7646    0.3847   0.06245   0.00701  0.005127
     15/54     8.99G   0.04199  0.006305   0.00298   0.05127        15       640    0.7976    0.7283    0.7981    0.4079    0.0634  0.006926  0.005444
     16/54     8.99G   0.04096   0.00626  0.003025   0.05025        24       640    0.8652    0.6974    0.8055    0.4085    0.0627  0.006979  0.006031
     17/54     8.99G   0.04053  0.006137   0.00279   0.04946        35       640    0.8398    0.7506    0.8312    0.4318   0.06123  0.007034  0.005183
     18/54     8.99G   0.04069  0.006203  0.002726   0.04962        21       640    0.8753    0.7362    0.8309    0.4382    0.0582  0.007234  0.005394
     19/54     8.99G   0.03952   0.00605  0.002579   0.04815        26       640    0.8479    0.7734    0.8465    0.4516   0.05716  0.007159  0.005011
     20/54     8.99G   0.03902  0.006011  0.002494   0.04753        24       640    0.8489    0.7761     0.845      0.44   0.05567  0.007255  0.005366
     21/54     8.99G   0.03921   0.00602  0.002627   0.04786        22       640    0.8652     0.791    0.8666    0.4528   0.05462   0.00734  0.005014
     22/54     8.99G   0.03897  0.005951  0.002536   0.04745        33       640    0.8434    0.7604    0.8396    0.4514   0.05505  0.007551  0.005084
     23/54     8.99G   0.03814   0.00581  0.002287   0.04624         9       640    0.8816    0.8081    0.8811     0.477   0.05547  0.007168  0.004287
     24/54     8.99G   0.03817    0.0059  0.002275   0.04634        27       640    0.8738    0.7968    0.8712    0.4763   0.05494  0.007281  0.004283
     25/54     8.99G   0.03768  0.005812  0.002151   0.04564         8       640    0.8952    0.7918    0.8781    0.4768   0.05401  0.007383   0.00395
     26/54     8.99G    0.0372  0.005775  0.002069   0.04505        18       640    0.8763      0.81    0.8768    0.4752   0.05415  0.007265  0.004202
     27/54     8.99G   0.03688  0.005845  0.002121   0.04485        16       640     0.871    0.8384    0.8932    0.4871   0.05317  0.007331  0.004143
     28/54     8.99G   0.03637  0.005779  0.001963   0.04411        23       640    0.8769    0.8334    0.8934    0.4936   0.05307  0.007298  0.003905
     29/54     8.99G    0.0361  0.005672  0.001982   0.04376        12       640    0.8924    0.8177    0.8953    0.5012    0.0517  0.007356  0.003608
     30/54     8.99G   0.03599  0.005773  0.001883   0.04364        19       640    0.8896    0.8332    0.9006    0.5001   0.05212  0.007136  0.003708
     31/54     8.99G    0.0354  0.005717  0.001834   0.04295        19       640    0.9012    0.8272     0.905    0.5052   0.05255  0.007149  0.003876
     32/54     8.99G   0.03511  0.005613  0.001713   0.04244        15       640    0.9163    0.8338    0.9104    0.5095   0.05146  0.007213  0.003853
     33/54     8.99G   0.03463  0.005685  0.001746   0.04206        21       640    0.9039    0.8361    0.9054    0.5072   0.05079  0.007152  0.003558
     34/54     8.99G   0.03425  0.005733  0.001694   0.04168        20       640    0.9064     0.843    0.9121    0.5163   0.04889  0.007266  0.003651
     35/54     8.99G   0.03421  0.005638  0.001575   0.04143        21       640    0.8973    0.8562    0.9161    0.5204   0.04789  0.007209  0.003582
     36/54     8.99G   0.03418  0.005687   0.00173    0.0416        17       640    0.9162    0.8592     0.921    0.5255   0.04792  0.007288  0.003538
     37/54     8.99G   0.03396  0.005574   0.00164   0.04117        29       640    0.8997    0.8601    0.9229    0.5295   0.04825  0.007181  0.003341
     38/54     8.99G    0.0334   0.00558  0.001544   0.04052        21       640    0.9043    0.8664    0.9256    0.5399   0.04615  0.007292  0.003169
     39/54     8.99G   0.03335  0.005635  0.001545   0.04053        24       640    0.9169     0.861    0.9264    0.5419   0.04652  0.007331  0.003147
     40/54     8.99G   0.03271  0.005499  0.001348   0.03955        20       640      0.91     0.868    0.9271    0.5447   0.04666  0.007301  0.002974
     41/54     8.99G     0.032  0.005464  0.001357   0.03882        27       640    0.9047    0.8751    0.9248    0.5492   0.04624  0.007291   0.00275
     42/54     8.99G   0.03228  0.005469  0.001388   0.03914        19       640    0.9037    0.8804    0.9296    0.5458   0.04601  0.007294  0.002632
     43/54     8.99G   0.03215  0.005423  0.001439   0.03902        12       640     0.932    0.8762    0.9342    0.5522   0.04569  0.007425  0.002749
     44/54     8.99G   0.03165  0.005428  0.001284   0.03836        25       640    0.9046    0.8882    0.9349    0.5522   0.04641  0.007268  0.002782
     45/54     8.99G   0.03131  0.005267  0.001214   0.03779        37       640    0.9094    0.8879    0.9339    0.5571   0.04646   0.00731  0.002683
     46/54     8.99G   0.03139  0.005299  0.001205    0.0379        12       640    0.9108    0.8958    0.9369    0.5611   0.04562   0.00733  0.002672
     47/54     8.99G   0.03128  0.005165   0.00124   0.03769        20       640    0.9309    0.8837      0.94    0.5664   0.04524  0.007375  0.002671
     48/54     8.99G   0.03089  0.005156  0.001139   0.03719        15       640    0.9323    0.8809    0.9396    0.5649   0.04484  0.007446  0.002599
     49/54     8.99G   0.03077  0.005133  0.001115   0.03702        19       640    0.9256    0.8878    0.9399    0.5609   0.04542    0.0074  0.002676
     50/54     8.99G   0.03037  0.005185  0.001058   0.03661        10       640    0.9056    0.9072    0.9389    0.5623   0.04527  0.007351  0.002702
     51/54     8.99G   0.03084  0.005118  0.001148   0.03711        16       640    0.9307    0.8974    0.9424    0.5679   0.04471  0.007418  0.002637
     52/54     8.99G   0.03001  0.005089   0.00102   0.03612        20       640    0.9355    0.8931    0.9398    0.5678   0.04501  0.007378  0.002594
     53/54     8.99G    0.0304  0.005096  0.001025   0.03652        10       640    0.9376    0.8883    0.9395    0.5699   0.04484  0.007393  0.002642
     54/54     8.99G   0.03011  0.005118  0.001018   0.03625        12       640    0.9455    0.8782    0.9447    0.5738   0.04482  0.007365  0.002655
