      0/54     4.42G   0.05952  0.009622   0.01093   0.08007        53       640    0.4271    0.4991    0.4373    0.1359   0.07262   0.00839  0.008288
      1/54     12.7G    0.0487  0.007435   0.00485   0.06098        35       640    0.6468     0.544    0.6002    0.2559   0.06668  0.007928  0.007896
      2/54     15.9G   0.04671  0.007003  0.004809   0.05852        38       640    0.5386    0.4422    0.4348    0.1728   0.07548  0.007877   0.00731
      3/54     15.9G   0.04791  0.007245  0.005329   0.06048        44       640    0.6185    0.4452     0.501    0.2027   0.06957  0.007992  0.007793
      4/54       16G   0.04483  0.007179    0.0045   0.05651        39       640    0.6273    0.4659     0.537    0.2335   0.07153  0.007149  0.007335
      5/54       16G   0.04291  0.006875   0.00381   0.05359        38       640    0.7153    0.5863    0.6929    0.3271   0.06372  0.007194  0.005007
      6/54       16G   0.04158  0.006824   0.00359   0.05199        30       640    0.7526    0.6199    0.7168    0.3412   0.06499  0.006975  0.005277
      7/54       16G   0.04016  0.006771  0.003121   0.05005        32       640    0.7755      0.71    0.7811    0.3777   0.06348  0.006494  0.004842
      8/54       16G   0.03996   0.00661  0.002919   0.04949        44       640    0.7502    0.6961    0.7615    0.3676    0.0639  0.006426  0.004988
      9/54       16G   0.03861  0.006398  0.002733   0.04774        34       640    0.7814    0.7208    0.7921    0.3865    0.0643  0.006341  0.004469
     10/54       16G   0.03864  0.006433   0.00259   0.04766        52       640    0.8365    0.6588     0.781    0.3948   0.06125  0.006698  0.005212
     11/54       16G   0.03795  0.006237  0.002686   0.04687        51       640    0.8419    0.7752    0.8413    0.4376   0.06167  0.006073  0.004866
     12/54       16G   0.03804  0.006284   0.00251   0.04683        59       640    0.8582    0.7753    0.8491     0.433   0.06041  0.006299  0.004686
     13/54       16G   0.03693  0.006154  0.002411    0.0455        42       640    0.8969    0.7626    0.8659     0.462   0.05987  0.006219  0.004136
     14/54       16G   0.03654  0.006045  0.002323    0.0449        45       640    0.8489    0.7714    0.8538    0.4435   0.06333  0.006008  0.004431
     15/54       16G   0.03677  0.006094   0.00238   0.04525        39       640    0.8519     0.799    0.8629    0.4612   0.05781  0.006256  0.004493
     16/54       16G   0.03605  0.006045  0.002209    0.0443        47       640     0.883    0.7854    0.8677    0.4732   0.05816  0.006292  0.004664
     17/54       16G   0.03571   0.00591    0.0021   0.04372        33       640     0.873    0.8301     0.889    0.4846   0.05601   0.00624  0.003886
     18/54       16G   0.03541  0.005997  0.002068   0.04348        31       640    0.8856    0.7985    0.8853    0.4879   0.05849  0.006121   0.00382
     19/54       16G   0.03493  0.005821  0.001777   0.04253        23       640    0.8933    0.7943    0.8759    0.4822   0.05583  0.006241  0.003738
     20/54       16G   0.03487  0.005744  0.001886    0.0425        45       640    0.8832    0.8382    0.8959    0.4942   0.05804  0.006001  0.004033
     21/54       16G   0.03429  0.005675  0.001801   0.04176        53       640    0.9017    0.8388    0.9047    0.5106   0.05487  0.006157    0.0033
     22/54       16G   0.03429  0.005698  0.001853   0.04185        39       640    0.9129    0.8262      0.91    0.5061   0.05356  0.006274  0.003258
     23/54       16G   0.03355  0.005511  0.001649   0.04071        27       640    0.9158     0.838    0.9129    0.5173   0.05401  0.006206  0.003335
     24/54       16G   0.03339  0.005605  0.001547   0.04054        42       640    0.9265     0.825    0.9062    0.4988   0.05381  0.006166  0.003432
     25/54       16G   0.03311  0.005527  0.001464    0.0401        40       640    0.9144     0.839    0.9148     0.519   0.05375  0.006184  0.003429
     26/54       16G   0.03301  0.005483  0.001566   0.04005        72       640    0.9087    0.8433    0.9124    0.5189   0.05387  0.006052  0.003466
     27/54       16G   0.03249  0.005546  0.001531   0.03956        32       640    0.9129    0.8549    0.9173    0.5188   0.05341  0.006051  0.003412
     28/54       16G   0.03244  0.005494  0.001425   0.03935        24       640    0.9268     0.871    0.9322    0.5409   0.05329  0.006026   0.00295
     29/54       16G   0.03205  0.005345  0.001534   0.03893        39       640    0.9191    0.8801    0.9349    0.5497   0.05133  0.006183  0.003004
     30/54       16G   0.03176  0.005383  0.001531   0.03868        42       640     0.932     0.855    0.9291    0.5437   0.05327  0.006013  0.002771
     31/54       16G   0.03146  0.005335  0.001299    0.0381        42       640    0.9386    0.8587    0.9334    0.5432   0.05199  0.006141   0.00281
     32/54       16G   0.03132  0.005219  0.001357    0.0379        41       640    0.9089    0.8836    0.9317    0.5468   0.05098  0.006228  0.002603
     33/54       16G   0.03091  0.005274  0.001261   0.03744        24       640      0.92    0.8853    0.9384    0.5515   0.05058  0.006312  0.002633
     34/54       16G   0.03068  0.005283  0.001083   0.03705        35       640    0.9159    0.8977    0.9363    0.5512   0.05159  0.006235  0.002548
     35/54       16G   0.03049  0.005222  0.001202   0.03692        36       640    0.9216    0.8948    0.9389    0.5537   0.05144  0.006192  0.002427
     36/54       16G   0.03018   0.00521  0.001184   0.03657        28       640    0.9246    0.8959    0.9414    0.5526   0.05214  0.006166  0.002594
     37/54       16G    0.0301  0.005067  0.001133    0.0363        39       640    0.9381    0.8904    0.9476    0.5593   0.05132  0.006151  0.002481
     38/54       16G   0.02963  0.005075  0.001145   0.03585        34       640    0.9466    0.8962    0.9491    0.5636   0.05176  0.006124  0.002404
     39/54       16G   0.02959  0.005138  0.001026   0.03575        49       640    0.9472    0.8963    0.9488    0.5739   0.05119  0.006101  0.002359
     40/54       16G   0.02912   0.00501  0.001039   0.03517        46       640    0.9318    0.9104    0.9492    0.5754   0.05109  0.006126  0.002389
     41/54       16G   0.02894  0.004958  0.001065   0.03497        27       640     0.936    0.9093    0.9488    0.5759   0.04935  0.006238  0.002339
     42/54       16G   0.02868   0.00493  0.000983   0.03459        37       640    0.9426     0.896    0.9471    0.5737   0.05183  0.006107  0.002298
     43/54       16G   0.02855  0.004926  0.001017   0.03449        35       640    0.9472    0.9145    0.9497    0.5755     0.049  0.006287  0.002429
     44/54       16G   0.02827  0.004907 0.0009144   0.03409        41       640    0.9464    0.9104      0.95    0.5813   0.05117  0.006165  0.002317
     45/54       16G   0.02815  0.004796 0.0008894   0.03383        29       640    0.9427    0.9044    0.9498    0.5849   0.04937  0.006272  0.002237
     46/54       16G   0.02815  0.004869 0.0009254   0.03394        42       640    0.9413    0.9205    0.9545    0.5868   0.04883  0.006327  0.002323
     47/54       16G   0.02784  0.004786 0.0008307   0.03346        46       640    0.9395    0.9171    0.9518    0.5874   0.04837  0.006281  0.002265
     48/54       16G   0.02763  0.004716 0.0008223   0.03317        52       640    0.9494    0.9176    0.9566    0.5882   0.04784  0.006278  0.002306
     49/54       16G   0.02725  0.004698 0.0007423   0.03269        42       640    0.9381    0.9208    0.9551    0.5836   0.04826  0.006297  0.002221
     50/54       16G   0.02718  0.004741  0.000842   0.03276        42       640    0.9419    0.9233    0.9581    0.5899   0.04805  0.006273  0.002271
     51/54       16G   0.02732   0.00472 0.0008506   0.03289        43       640    0.9485     0.922    0.9561    0.5896   0.04858  0.006254  0.002295
     52/54       16G   0.02689  0.004692 0.0007836   0.03236        43       640    0.9519    0.9147    0.9562    0.5938   0.04772  0.006286  0.002181
     53/54       16G   0.02709  0.004678 0.0007497   0.03251        43       640    0.9484    0.9207    0.9559    0.5926   0.04763  0.006296  0.002191
     54/54       16G   0.02693  0.004694 0.0008192   0.03244        27       640    0.9496    0.9233    0.9584    0.5935    0.0476  0.006264  0.002152
