      0/54     3.51G   0.06137  0.009885   0.01222   0.08347        41       640    0.5185    0.4838    0.4498    0.1428   0.07213  0.008492  0.009257
      1/54     26.4G   0.04857  0.007667  0.004499   0.06074        42       640    0.7294     0.598    0.6751    0.2619   0.06763  0.007507  0.007687
      2/54     32.9G   0.04528  0.006813  0.003454   0.05554        44       640    0.7387     0.581    0.6795    0.3034   0.06241  0.008061    0.0067
      3/54     32.9G   0.04256  0.006855  0.003627   0.05304        34       640    0.6529     0.555    0.5881    0.2583   0.06584  0.007809   0.00723
      4/54     32.9G   0.04358   0.00714   0.00406   0.05478        41       640    0.4998    0.3995      0.41    0.1756   0.07055  0.008753  0.008453
      5/54     32.9G   0.04383  0.007189  0.004217   0.05524        49       640    0.6775    0.5314    0.5979    0.2643   0.06601  0.007788  0.005749
      6/54     32.9G   0.04237  0.006985  0.004027   0.05338        38       640    0.6464    0.5677     0.601    0.2673   0.06591  0.007922  0.006367
      7/54     32.9G   0.04066  0.006727  0.003321   0.05071        33       640    0.8042    0.5865    0.7035    0.3421   0.06459  0.007089  0.005522
      8/54     32.9G   0.03976  0.006607  0.003102   0.04947        31       640     0.677    0.7191      0.74    0.3584   0.05966   0.00733  0.005057
      9/54     32.9G   0.03853  0.006416  0.002642   0.04758        29       640    0.8081    0.7052    0.7986    0.3909   0.05643  0.007307   0.00481
     10/54     32.9G   0.03802  0.006357  0.002777   0.04715        44       640    0.7999    0.7324    0.7994    0.4057   0.05716   0.00744  0.004379
     11/54     32.9G   0.03741  0.006243  0.002726   0.04638        38       640    0.7995    0.7387     0.807    0.4119   0.06042  0.006972  0.004803
     12/54     32.9G   0.03741  0.006222  0.002447   0.04608        40       640    0.8331    0.7361    0.8146    0.4325   0.06188  0.006826  0.004674
     13/54     32.9G   0.03663  0.006143  0.002258   0.04503        37       640    0.8097    0.7904    0.8495    0.4481   0.05735  0.007053  0.004491
     14/54     32.9G   0.03619  0.005993  0.002252   0.04444        34       640     0.904    0.7728    0.8721    0.4606    0.0574  0.006887  0.003895
     15/54     32.9G   0.03599   0.00596   0.00215    0.0441        40       640    0.8794    0.7896    0.8745    0.4821   0.05921  0.006594   0.00415
     16/54     32.9G   0.03513  0.005937  0.002045   0.04311        54       640    0.8611    0.8103    0.8781    0.4807   0.05831  0.006727  0.003854
     17/54     32.9G   0.03466  0.005728  0.001914    0.0423        22       640     0.892    0.8247     0.898    0.4923    0.0568  0.006718  0.003463
     18/54     32.9G   0.03457  0.005957  0.001838   0.04237        36       640    0.8762    0.8376    0.8982    0.5022   0.05676  0.006552  0.003284
     19/54     32.9G   0.03392  0.005735  0.001719   0.04137        58       640    0.8877    0.8301    0.8923    0.4942   0.05579  0.006665  0.003564
     20/54     32.9G   0.03385   0.00569  0.001808   0.04135        41       640    0.8984    0.8371    0.8994    0.4922   0.05517  0.006938  0.003476
     21/54     32.9G   0.03397  0.005698  0.001851   0.04152        46       640    0.8851    0.8441     0.905    0.5054     0.054  0.006783   0.00423
     22/54     32.9G   0.03365  0.005573  0.001825   0.04105        32       640    0.8918    0.8564    0.9126    0.5144    0.0511  0.006896  0.003042
     23/54     32.9G   0.03275   0.00551  0.001458   0.03971        32       640    0.8969    0.8587     0.916    0.5276   0.05398  0.006626   0.00303
     24/54     32.9G   0.03252  0.005548   0.00158   0.03965        43       640    0.8977    0.8593    0.9154    0.5304   0.05223   0.00671  0.002679
     25/54     32.9G   0.03245  0.005527  0.001602   0.03958        37       640    0.9254    0.8346    0.9208    0.5283   0.05304  0.006727   0.00264
     26/54     32.9G   0.03221  0.005417  0.001499   0.03913        40       640    0.9092    0.8482    0.9152    0.5229   0.05324  0.006761  0.002725
     27/54     32.9G   0.03194  0.005538  0.001531   0.03901        48       640    0.8959    0.8774    0.9245    0.5399    0.0528  0.006636  0.002562
     28/54     32.9G   0.03152  0.005426  0.001331   0.03827        28       640    0.9177    0.8811    0.9343    0.5524   0.05284  0.006527  0.002462
     29/54     32.9G   0.03122  0.005265  0.001419   0.03791        34       640    0.9086     0.883    0.9369    0.5543   0.05167   0.00652  0.002553
     30/54     32.9G   0.03085  0.005405   0.00131   0.03757        50       640    0.9284    0.8685    0.9381    0.5587   0.04881   0.00682   0.00226
     31/54     32.9G   0.03058  0.005302  0.001244   0.03713        41       640    0.9135    0.8747    0.9346    0.5532   0.04975  0.006802   0.00206
     32/54     32.9G   0.03054  0.005231  0.001323    0.0371        35       640    0.9248    0.8845    0.9366    0.5556    0.0481  0.007015  0.002178
     33/54     32.9G   0.02999  0.005223  0.001185    0.0364        41       640     0.926    0.8974    0.9459    0.5691   0.04963  0.006958  0.001835
     34/54     32.9G   0.02991  0.005225  0.001074   0.03621        31       640    0.9325    0.8773    0.9407    0.5632   0.04853   0.00697  0.001945
     35/54     32.9G   0.02986  0.005227  0.001102   0.03619        44       640    0.9259    0.8963    0.9443    0.5586   0.04837  0.007015  0.001959
     36/54     32.9G   0.02924  0.005112  0.001107   0.03546        44       640    0.9381    0.8814    0.9428    0.5689   0.04764  0.007072   0.00193
     37/54     32.9G   0.02932  0.005071  0.001067   0.03545        38       640    0.9366    0.9041    0.9482    0.5766    0.0471  0.007067  0.001704
     38/54     32.9G   0.02882   0.00506 0.0009856   0.03486        37       640    0.9275    0.9058    0.9508    0.5804   0.04642  0.007152  0.001832
     39/54     32.9G   0.02869  0.005077 0.0009992   0.03477        32       640    0.9294    0.9002    0.9429    0.5746   0.04587  0.007295  0.001735
     40/54     32.9G   0.02822  0.005004 0.0009731    0.0342        47       640    0.9397     0.913    0.9502     0.582   0.04642  0.007144  0.001764
     41/54     32.9G   0.02796  0.004936 0.0009604   0.03386        61       640    0.9471    0.8944    0.9475    0.5815   0.04599  0.007185   0.00186
     42/54     32.9G   0.02783  0.004981   0.00102   0.03383        45       640     0.936    0.9001    0.9446    0.5815   0.04545  0.007185  0.001661
     43/54     32.9G   0.02757  0.004911 0.0009639   0.03344        43       640    0.9448    0.9081    0.9518    0.5891   0.04418  0.007292   0.00161
     44/54     32.9G   0.02749  0.004938 0.0008715    0.0333        48       640    0.9337    0.9177    0.9532    0.5924   0.04426  0.007207  0.001676
     45/54     32.9G   0.02704  0.004875 0.0008462   0.03276        32       640    0.9368    0.9119    0.9498    0.5946   0.04354  0.007278  0.001603
     46/54     32.9G   0.02734  0.004879  0.000893   0.03311        41       640    0.9323    0.9182    0.9499    0.5937   0.04292  0.007303  0.001521
     47/54     32.9G    0.0269  0.004774 0.0008241    0.0325        41       640    0.9407    0.9114     0.954    0.5955   0.04187  0.007292  0.001529
     48/54     32.9G   0.02674  0.004668 0.0007792   0.03219        44       640    0.9369    0.9192    0.9562    0.5998   0.04114  0.007417  0.001512
     49/54     32.9G   0.02649  0.004721 0.0007878     0.032        48       640    0.9487    0.9093    0.9513    0.5981   0.04262  0.007252  0.001483
     50/54     32.9G    0.0264  0.004778 0.0007386   0.03192        30       640    0.9478    0.9085    0.9526    0.6011   0.04228   0.00718  0.001426
     51/54     32.9G   0.02627  0.004741 0.0007928   0.03181        36       640    0.9538    0.8998    0.9513    0.5991   0.04229  0.007238  0.001399
     52/54     32.9G   0.02601  0.004694 0.0006742   0.03138        40       640    0.9564    0.9026    0.9564     0.602   0.04173  0.007224  0.001379
     53/54     32.9G   0.02589  0.004685 0.0007073   0.03128        47       640    0.9514    0.9118    0.9581    0.6056   0.04185  0.007171  0.001392
     54/54     32.9G   0.02614  0.004645 0.0007231   0.03151        23       640    0.9414      0.92     0.956    0.6053    0.0415  0.007217  0.001413
